3 0.01 1 250
3 0.0138 2 250
3 0.0176 4 250
3 0.0214 4 250
3 0.0252 7 250
3 0.029 7 250
3 0.0328 7 250
3 0.0366 11 250
3 0.0404 8 250
3 0.0442 15 250
3 0.048 14 250
3 0.0518 17 250
3 0.0556 4 250
3 0.0594 15 250
3 0.0632 21 250
3 0.067 34 250
3 0.0708 26 250
3 0.0746 25 250
3 0.0784 41 250
3 0.0822 42 250
3 0.086 46 250
3 0.0898 53 250
3 0.0936 44 250
3 0.0974 45 250
3 0.1012 51 250
3 0.105 59 250
3 0.1088 55 250
3 0.1126 49 250
3 0.1164 58 250
3 0.1202 58 250
3 0.124 58 250
3 0.1278 72 250
3 0.1316 82 250
3 0.1354 91 250
3 0.1392 80 250
3 0.143 76 250
3 0.1468 86 250
3 0.1506 104 250
3 0.1544 81 250
3 0.1582 95 250
3 0.162 105 250
3 0.1658 86 250
3 0.1696 102 250
3 0.1734 99 250
3 0.1772 91 250
3 0.181 91 250
3 0.1848 107 250
3 0.1886 99 250
3 0.1924 116 250
3 0.1962 119 250
3 0.2 102 250
5 0.01 0 250
5 0.0138 0 250
5 0.0176 1 250
5 0.0214 3 250
5 0.0252 6 250
5 0.029 5 250
5 0.0328 7 250
5 0.0366 17 250
5 0.0404 15 250
5 0.0442 17 250
5 0.048 26 250
5 0.0518 16 250
5 0.0556 27 250
5 0.0594 34 250
5 0.0632 37 250
5 0.067 38 250
5 0.0708 42 250
5 0.0746 44 250
5 0.0784 46 250
5 0.0822 62 250
5 0.086 74 250
5 0.0898 66 250
5 0.0936 67 250
5 0.0974 75 250
5 0.1012 74 250
5 0.105 87 250
5 0.1088 86 250
5 0.1126 105 250
5 0.1164 86 250
5 0.1202 109 250
5 0.124 117 250
5 0.1278 101 250
5 0.1316 121 250
5 0.1354 125 250
5 0.1392 130 250
5 0.143 119 250
5 0.1468 125 250
5 0.1506 130 250
5 0.1544 131 250
5 0.1582 128 250
5 0.162 139 250
5 0.1658 141 250
5 0.1696 147 250
5 0.1734 147 250
5 0.1772 158 250
5 0.181 159 250
5 0.1848 145 250
5 0.1886 160 250
5 0.1924 165 250
5 0.1962 171 250
5 0.2 154 250
7 0.01 0 250
7 0.0138 1 250
7 0.0176 2 250
7 0.0214 5 250
7 0.0252 3 250
7 0.029 8 250
7 0.0328 13 250
7 0.0366 19 250
7 0.0404 23 250
7 0.0442 25 250
7 0.048 42 250
7 0.0518 27 250
7 0.0556 44 250
7 0.0594 47 250
7 0.0632 53 250
7 0.067 52 250
7 0.0708 56 250
7 0.0746 75 250
7 0.0784 71 250
7 0.0822 76 250
7 0.086 95 250
7 0.0898 89 250
7 0.0936 95 250
7 0.0974 102 250
7 0.1012 118 250
7 0.105 117 250
7 0.1088 134 250
7 0.1126 128 250
7 0.1164 121 250
7 0.1202 145 250
7 0.124 146 250
7 0.1278 142 250
7 0.1316 151 250
7 0.1354 154 250
7 0.1392 149 250
7 0.143 157 250
7 0.1468 154 250
7 0.1506 133 250
7 0.1544 169 250
7 0.1582 151 250
7 0.162 163 250
7 0.1658 159 250
7 0.1696 163 250
7 0.1734 164 250
7 0.1772 175 250
7 0.181 164 250
7 0.1848 172 250
7 0.1886 168 250
7 0.1924 174 250
7 0.1962 168 250
7 0.2 170 250
9 0.01 0 250
9 0.0138 1 250
9 0.0176 1 250
9 0.0214 3 250
9 0.0252 6 250
9 0.029 9 250
9 0.0328 10 250
9 0.0366 19 250
9 0.0404 26 250
9 0.0442 29 250
9 0.048 30 250
9 0.0518 55 250
9 0.0556 56 250
9 0.0594 62 250
9 0.0632 64 250
9 0.067 80 250
9 0.0708 85 250
9 0.0746 80 250
9 0.0784 109 250
9 0.0822 99 250
9 0.086 109 250
9 0.0898 116 250
9 0.0936 134 250
9 0.0974 127 250
9 0.1012 145 250
9 0.105 144 250
9 0.1088 142 250
9 0.1126 148 250
9 0.1164 152 250
9 0.1202 150 250
9 0.124 150 250
9 0.1278 158 250
9 0.1316 148 250
9 0.1354 168 250
9 0.1392 149 250
9 0.143 174 250
9 0.1468 173 250
9 0.1506 169 250
9 0.1544 165 250
9 0.1582 172 250
9 0.162 172 250
9 0.1658 175 250
9 0.1696 167 250
9 0.1734 183 250
9 0.1772 176 250
9 0.181 176 250
9 0.1848 167 250
9 0.1886 185 250
9 0.1924 172 250
9 0.1962 179 250
9 0.2 192 250
