3 1e-06 0 50000000 0.0
3 2.098e-05 2 50000000 2.8284270681776472e-08
3 4.0959999999999994e-05 2 50000000 2.8284270681776472e-08
3 6.0939999999999996e-05 1 50000000 1.9999999799999997e-08
3 8.091999999999999e-05 4 50000000 3.999999839999997e-08
3 0.00010089999999999999 9 50000000 5.999999459999976e-08
3 0.00012088 8 50000000 5.656853796944022e-08
3 0.00014085999999999998 19 50000000 8.717796230699592e-08
3 0.00016083999999999998 17 50000000 8.246209849379289e-08
3 0.00018082 24 50000000 9.797956619622277e-08
3 0.00020079999999999997 30 50000000 1.0954447863767484e-07
3 0.00022077999999999998 49 50000000 1.399999313999832e-07
3 0.00024076 45 50000000 1.341640182761384e-07
3 0.00026074000000000003 68 50000000 1.6492411287619527e-07
3 0.00028072 72 50000000 1.6970550529667562e-07
3 0.0003007 78 50000000 1.766350795510337e-07
3 0.00032068 102 50000000 2.0198989273723572e-07
3 0.00034066 98 50000000 1.9798970470203748e-07
3 0.00036064 123 50000000 2.218104573008225e-07
3 0.00038061999999999997 117 50000000 2.1633282341799176e-07
3 0.0004006 148 50000000 2.4331014111212054e-07
3 0.00042058 155 50000000 2.48997606012588e-07
3 0.00044056 178 50000000 2.6683280631886325e-07
3 0.00046054 189 50000000 2.749540220327755e-07
3 0.00048052 201 50000000 2.835483676412192e-07
3 0.0005005 215 50000000 2.93256935467859e-07
3 0.00052048 243 50000000 3.117683877624542e-07
3 0.00054046 265 50000000 3.2557554914335936e-07
3 0.0005604399999999999 279 50000000 3.3406492972474675e-07
3 0.00058042 280 50000000 3.346630735530886e-07
3 0.0006004 301 50000000 3.4698598702541285e-07
3 0.00062038 356 50000000 3.7735790188095963e-07
3 0.00064036 389 50000000 3.944601240074844e-07
3 0.0006603399999999999 371 50000000 3.8522577648958017e-07
3 0.00068032 380 50000000 3.8987029227680326e-07
3 0.0007003 429 50000000 4.142445264237054e-07
3 0.00072028 490 50000000 4.4271670309578337e-07
3 0.00074026 478 50000000 4.372621320535315e-07
3 0.0007602399999999999 491 50000000 4.4316822015121975e-07
3 0.00078022 528 50000000 4.595625852133744e-07
3 0.0008001999999999999 608 50000000 4.93150121857432e-07
3 0.00082018 579 50000000 4.812455901844712e-07
3 0.00084016 674 50000000 5.192266998065488e-07
3 0.0008601399999999999 674 50000000 5.192266998065488e-07
3 0.00088012 639 50000000 5.055657557944367e-07
3 0.0009000999999999999 692 50000000 5.261142167704651e-07
3 0.00092008 753 50000000 5.488127767536029e-07
3 0.0009400599999999999 778 50000000 5.57848687125819e-07
3 0.00096004 825 50000000 5.744515253700698e-07
3 0.0009800199999999998 874 50000000 5.912646522429698e-07
3 0.0009999999999999998 825 50000000 5.744515253700698e-07
5 1e-06 0 50000000 0.0
5 2.098e-05 0 50000000 0.0
5 4.0959999999999994e-05 0 50000000 0.0
5 6.0939999999999996e-05 0 50000000 0.0
5 8.091999999999999e-05 0 50000000 0.0
5 0.00010089999999999999 0 50000000 0.0
5 0.00012088 0 50000000 0.0
5 0.00014085999999999998 0 50000000 0.0
5 0.00016083999999999998 0 50000000 0.0
5 0.00018082 0 50000000 0.0
5 0.00020079999999999997 0 50000000 0.0
5 0.00022077999999999998 0 50000000 0.0
5 0.00024076 0 50000000 0.0
5 0.00026074000000000003 1 50000000 1.9999999799999997e-08
5 0.00028072 1 50000000 1.9999999799999997e-08
5 0.0003007 0 50000000 0.0
5 0.00032068 1 50000000 1.9999999799999997e-08
5 0.00034066 1 50000000 1.9999999799999997e-08
5 0.00036064 0 50000000 0.0
5 0.00038061999999999997 1 50000000 1.9999999799999997e-08
5 0.0004006 0 50000000 0.0
5 0.00042058 2 50000000 2.8284270681776472e-08
5 0.00044056 3 50000000 3.4641015112147044e-08
5 0.00046054 3 50000000 3.4641015112147044e-08
5 0.00048052 5 50000000 4.472135731392776e-08
5 0.0005005 7 50000000 5.2915022517239843e-08
5 0.00052048 7 50000000 5.2915022517239843e-08
5 0.00054046 2 50000000 2.8284270681776472e-08
5 0.0005604399999999999 6 50000000 4.898979191627578e-08
5 0.00058042 7 50000000 5.2915022517239843e-08
5 0.0006004 5 50000000 4.472135731392776e-08
5 0.00062038 6 50000000 4.898979191627578e-08
5 0.00064036 6 50000000 4.898979191627578e-08
5 0.0006603399999999999 5 50000000 4.472135731392776e-08
5 0.00068032 10 50000000 6.324554687881195e-08
5 0.0007003 20 50000000 8.944270121144598e-08
5 0.00072028 16 50000000 7.999998719999897e-08
5 0.00074026 15 50000000 7.745965530519742e-08
5 0.0007602399999999999 13 50000000 7.211101613484585e-08
5 0.00078022 18 50000000 8.485279846887786e-08
5 0.0008001999999999999 17 50000000 8.246209849379289e-08
5 0.00082018 12 50000000 6.928202398891072e-08
5 0.00084016 21 50000000 9.165149465229687e-08
5 0.0008601399999999999 16 50000000 7.999998719999897e-08
5 0.00088012 15 50000000 7.745965530519742e-08
5 0.0009000999999999999 26 50000000 1.0198036375695078e-07
5 0.00092008 17 50000000 8.246209849379289e-08
5 0.0009400599999999999 19 50000000 8.717796230699592e-08
5 0.00096004 22 50000000 9.380829455863698e-08
5 0.0009800199999999998 20 50000000 8.944270121144598e-08
5 0.0009999999999999998 28 50000000 1.058300228101648e-07
7 1e-06 0 50000000 0.0
7 2.098e-05 0 50000000 0.0
7 4.0959999999999994e-05 0 50000000 0.0
7 6.0939999999999996e-05 0 50000000 0.0
7 8.091999999999999e-05 0 50000000 0.0
7 0.00010089999999999999 0 50000000 0.0
7 0.00012088 0 50000000 0.0
7 0.00014085999999999998 0 50000000 0.0
7 0.00016083999999999998 0 50000000 0.0
7 0.00018082 0 50000000 0.0
7 0.00020079999999999997 0 50000000 0.0
7 0.00022077999999999998 0 50000000 0.0
7 0.00024076 0 50000000 0.0
7 0.00026074000000000003 0 50000000 0.0
7 0.00028072 0 50000000 0.0
7 0.0003007 0 50000000 0.0
7 0.00032068 0 50000000 0.0
7 0.00034066 0 50000000 0.0
7 0.00036064 0 50000000 0.0
7 0.00038061999999999997 0 50000000 0.0
7 0.0004006 0 50000000 0.0
7 0.00042058 0 50000000 0.0
7 0.00044056 1 50000000 1.9999999799999997e-08
7 0.00046054 0 50000000 0.0
7 0.00048052 1 50000000 1.9999999799999997e-08
7 0.0005005 0 50000000 0.0
7 0.00052048 0 50000000 0.0
7 0.00054046 0 50000000 0.0
7 0.0005604399999999999 0 50000000 0.0
7 0.00058042 0 50000000 0.0
7 0.0006004 0 50000000 0.0
7 0.00062038 0 50000000 0.0
7 0.00064036 0 50000000 0.0
7 0.0006603399999999999 0 50000000 0.0
7 0.00068032 0 50000000 0.0
7 0.0007003 1 50000000 1.9999999799999997e-08
7 0.00072028 0 50000000 0.0
7 0.00074026 1 50000000 1.9999999799999997e-08
7 0.0007602399999999999 1 50000000 1.9999999799999997e-08
7 0.00078022 0 50000000 0.0
7 0.0008001999999999999 1 50000000 1.9999999799999997e-08
7 0.00082018 2 50000000 2.8284270681776472e-08
7 0.00084016 1 50000000 1.9999999799999997e-08
7 0.0008601399999999999 1 50000000 1.9999999799999997e-08
7 0.00088012 0 50000000 0.0
7 0.0009000999999999999 1 50000000 1.9999999799999997e-08
7 0.00092008 2 50000000 2.8284270681776472e-08
7 0.0009400599999999999 3 50000000 3.4641015112147044e-08
7 0.00096004 3 50000000 3.4641015112147044e-08
7 0.0009800199999999998 0 50000000 0.0
7 0.0009999999999999998 4 50000000 3.999999839999997e-08